96 89
95 90
94 91
93 91
92 91
91 92
90 92
89 92
88 92
87 92
86 92
85 92
84 92
83 93
82 93
81 93
80 94
79 94
78 95
77 95
76 95
75 96
74 96
73 96
72 96
71 96
70 96
69 96
68 96
67 96
66 96
65 96
64 96
63 96
62 96
61 96
60 96
59 95
58 95
57 95
56 95
55 94
54 93
53 93
52 93
51 93
50 93
49 93
48 93
47 93
46 94
45 95
44 95
43 95
42 96
41 96
40 96
39 96
38 96
37 96
36 97
35 98
34 99
33 100
32 100
31 100
30 101
29 102
28 103
28 104
27 105
27 106
26 107
25 108
24 109
24 110
24 111
24 112
24 113
24 114
23 115
22 116
21 117
21 118
20 119
20 120
20 121
20 122
20 123
19 124
19 125
18 126
17 127
17 128
16 129
16 130
16 131
16 132
16 133
16 134
15 135
14 136
13 137
13 138
12 139
12 140
12 141
12 142
12 143
11 144
11 145
10 146
9 147
9 148
8 149
8 150
8 151
8 152
8 153
7 154
7 155
6 156
5 156
5 157
4 158
4 159
4 160
4 161
4 162
3 163
2 164
1 165
1 166
1 167
1 168
1 169
1 170
1 171
1 172
1 173
1 174
1 175
1 176
1 177
1 178
1 179
1 180
1 181
1 182
1 183
1 184
1 185
1 186
1 187
1 188
1 189
1 190
1 191
1 192
1 193
1 194
1 195
1 196
1 197
1 198
1 199
1 200
1 201
1 202
1 203
1 204
1 205
1 206
1 207
1 208
1 209
1 210
1 211
1 212
1 213
1 214
1 215
1 216
1 217
1 218
1 219
1 220
1 221
1 222
1 223
1 224
1 225
1 226
1 227
1 228
1 229
1 230
1 231
1 232
1 233
1 234
1 235
1 236
1 237
1 238
1 239
1 240
1 241
1 242
1 243
1 244
1 245
1 246
1 247
1 248
1 249
1 250
1 251
1 252
1 253
1 254
1 255
1 256
1 257
1 258
1 259
1 260
1 261
1 262
1 263
1 264
1 265
1 266
1 267
1 268
1 269
1 270
1 271
1 272
1 273
1 274
1 275
1 276
1 277
1 278
1 279
1 280
1 281
1 282
1 283
1 284
1 285
1 286
1 287
1 288
1 289
1 290
1 291
1 292
1 293
1 294
1 295
1 296
1 297
1 298
1 299
1 300
1 301
1 302
1 303
1 304
1 305
1 306
1 307
1 308
1 309
1 310
1 311
1 312
1 313
1 314
1 315
1 316
1 317
1 318
1 319
1 320
1 321
1 322
1 323
1 324
1 325
1 326
1 327
1 328
1 329
1 330
1 331
1 332
1 333
1 334
1 335
1 336
1 337
1 338
1 339
1 340
1 341
1 342
1 343
1 344
1 345
1 346
1 347
1 348
1 349
1 350
1 351
1 352
1 353
1 354
2 355
3 356
3 357
3 358
3 359
3 360
3 361
3 362
3 363
3 364
3 365
3 366
3 367
3 368
3 369
2 370
2 371
1 372
1 373
1 374
1 375
1 376
1 377
1 378
1 379
1 380
1 381
1 382
1 383
1 384
1 385
1 386
1 387
1 388
1 389
1 390
1 391
1 392
1 393
1 394
1 395
1 396
1 397
1 398
1 399
1 400
1 401
1 402
1 403
1 404
1 405
1 406
1 407
1 408
1 409
1 410
1 411
1 412
1 413
1 414
1 415
1 416
1 417
1 418
1 419
1 420
1 421
1 422
1 423
1 424
1 425
1 426
1 427
1 428
1 429
1 430
1 431
1 432
1 433
1 434
1 435
1 436
1 437
1 438
1 439
1 440
1 441
1 442
1 443
1 444
1 445
1 446
1 447
1 448
1 449
1 450
1 451
1 452
1 453
1 454
1 455
1 456
1 457
1 458
1 459
1 460
1 461
1 462
1 463
1 464
1 465
1 466
2 467
2 468
2 469
3 470
3 471
3 472
3 473
3 474
3 475
3 476
3 477
4 478
4 479
4 480
4 481
4 482
4 483
4 484
4 485
4 486
4 487
4 488
4 489
4 490
5 491
5 492
5 493
6 494
6 495
6 496
6 497
7 498
7 499
7 500
7 501
8 502
8 503
8 504
8 505
8 506
8 507
8 508
8 509
8 510
8 511
8 512
8 513
8 514
8 515
8 516
8 517
8 518
8 519
9 520
9 521
9 522
9 523
10 524
10 525
10 526
11 527
11 528
11 529
11 530
12 531
12 532
12 533
12 534
12 535
12 536
12 537
12 538
12 539
12 540
12 541
12 542
12 543
12 544
12 545
12 546
12 547
12 548
13 549
13 550
13 551
14 552
15 553
16 554
16 555
17 556
18 557
19 558
20 559
21 560
22 561
23 561
24 562
25 562
26 562
27 562
28 563
29 563
30 562
30 561
31 560
31 559
32 558
33 557
34 556
35 555
36 554
37 553
38 552
39 551
39 550
40 549
41 548
42 547
43 547
44 546
45 545
46 545
47 546
48 547
48 548
49 549
50 550
50 551
50 552
51 553
51 554
51 555
51 556
51 557
51 558
52 559
52 560
52 561
52 562
52 563
53 564
53 565
54 566
54 567
55 568
55 569
56 570
56 571
56 572
56 573
56 574
57 575
57 576
58 577
59 577
60 578
61 579
62 579
63 579
64 579
65 579
66 579
67 579
68 579
69 579
70 579
71 579
72 579
73 579
74 579
75 579
76 579
77 579
78 579
79 579
80 579
81 578
82 578
83 577
84 576
85 575
86 575
87 575
88 574
89 574
90 574
91 574
92 574
93 575
94 575
95 575
96 575
97 575
98 575
99 576
100 576
101 576
102 576
103 577
104 577
105 578
106 578
107 578
108 578
109 579
110 579
111 578
112 578
113 578
114 578
115 577
115 576
116 575
117 574
118 573
118 572
118 571
118 570
119 569
119 568
119 567
119 566
120 565
121 564
122 563
123 562
123 561
124 560
125 559
126 558
127 558
128 558
129 557
130 558
131 559
132 560
133 561
134 562
135 563
136 564
137 565
138 566
139 567
140 567
141 567
142 567
143 567
144 567
145 567
146 566
147 566
147 565
148 564
149 564
150 563
151 562
151 561
152 560
152 559
153 558
154 557
155 556
155 555
156 554
157 553
158 552
159 553
160 554
161 554
162 555
163 555
164 555
165 556
166 556
167 556
168 555
169 555
170 555
171 555
172 554
173 554
174 554
175 553
176 553
177 552
178 552
179 551
180 551
181 551
182 550
183 549
184 548
185 548
186 547
187 546
188 545
189 544
190 543
191 542
191 541
191 540
191 539
191 538
191 537
191 536
191 535
191 534
191 533
191 532
191 531
191 530
191 529
191 528
191 527
191 526
191 525
191 524
191 523
191 522
191 521
191 520
191 519
191 518
191 517
190 516
190 515
190 514
190 513
190 512
190 511
190 510
190 509
190 508
190 507
190 506
190 505
190 504
190 503
190 502
190 501
190 500
189 499
189 498
189 497
189 496
189 495
189 494
188 493
188 492
188 491
188 490
188 489
188 488
188 487
188 486
189 485
189 484
189 483
189 482
189 481
189 480
189 479
189 478
189 477
189 476
189 475
189 474
189 473
189 472
189 471
189 470
189 469
189 468
189 467
188 466
188 465
188 464
188 463
188 462
188 461
188 460
188 459
188 458
188 457
188 456
188 455
188 454
187 453
187 452
187 451
187 450
187 449
187 448
187 447
187 446
187 445
187 444
187 443
187 442
187 441
187 440
187 439
187 438
187 437
187 436
187 435
187 434
187 433
187 432
187 431
187 430
187 429
187 428
187 427
187 426
187 425
187 424
187 423
187 422
187 421
187 420
187 419
187 418
187 417
187 416
187 415
187 414
187 413
187 412
187 411
187 410
187 409
187 408
188 407
188 406
188 405
189 404
190 404
191 403
192 402
193 401
194 401
195 400
196 399
197 399
198 399
199 398
200 397
201 396
202 395
203 395
204 395
205 394
206 393
206 392
207 391
207 390
207 389
208 388
208 387
209 386
210 386
210 385
210 384
211 383
211 382
211 381
211 380
211 379
211 378
211 377
211 376
211 375
211 374
212 373
212 372
213 371
214 370
214 369
215 368
215 367
215 366
215 365
215 364
215 363
215 362
215 361
215 360
215 359
215 358
215 357
215 356
215 355
215 354
215 353
216 352
216 351
216 350
217 349
217 348
217 347
218 346
218 345
218 344
218 343
218 342
219 341
219 340
219 339
219 338
219 337
219 336
219 335
219 334
219 333
219 332
219 331
219 330
219 329
219 328
219 327
219 326
219 325
219 324
219 323
219 322
219 321
219 320
219 319
219 318
219 317
219 316
219 315
219 314
219 313
219 312
219 311
219 310
219 309
219 308
219 307
219 306
219 305
219 304
219 303
219 302
219 301
219 300
219 299
219 298
219 297
219 296
219 295
219 294
219 293
219 292
219 291
219 290
219 289
219 288
219 287
219 286
219 285
219 284
219 283
219 282
219 281
219 280
219 279
219 278
219 277
219 276
219 275
219 274
219 273
219 272
219 271
219 270
219 269
219 268
219 267
219 266
219 265
219 264
219 263
219 262
219 261
219 260
219 259
219 258
219 257
219 256
219 255
219 254
219 253
219 252
219 251
219 250
219 249
219 248
219 247
219 246
219 245
219 244
219 243
219 242
219 241
219 240
219 239
219 238
219 237
219 236
219 235
219 234
219 233
219 232
219 231
219 230
219 229
219 228
218 227
218 226
218 225
218 224
218 223
218 222
218 221
218 220
218 219
217 218
217 217
217 216
217 215
217 214
216 213
216 212
216 211
216 210
216 209
216 208
216 207
216 206
215 205
215 204
215 203
215 202
215 201
215 200
215 199
215 198
215 197
215 196
215 195
215 194
215 193
215 192
215 191
215 190
215 189
215 188
215 187
215 186
215 185
215 184
215 183
215 182
215 181
215 180
215 179
215 178
215 177
215 176
215 175
215 174
215 173
215 172
215 171
215 170
214 169
214 168
214 167
213 166
213 165
212 164
212 163
212 162
211 161
211 160
211 159
211 158
211 157
211 156
211 155
211 154
211 153
211 152
210 151
210 150
209 149
208 148
208 147
207 146
207 145
206 144
206 143
205 142
204 141
204 140
203 139
203 138
202 137
201 136
200 135
199 134
199 133
198 132
197 131
196 130
195 129
194 128
193 128
192 127
191 126
190 125
189 124
188 124
187 124
186 124
185 123
184 122
183 121
182 121
181 120
180 119
179 118
178 117
177 116
176 116
175 115
175 114
174 113
173 112
172 112
171 111
170 110
169 109
168 109
167 109
166 108
165 108
164 108
163 108
162 108
161 108
160 108
159 108
158 108
157 108
156 107
155 107
154 107
153 106
152 106
151 105
150 105
149 104
148 104
147 104
146 104
145 104
144 104
143 103
142 103
141 103
140 102
140 101
139 101
138 100
137 100
136 99
135 98
134 97
133 97
132 97
131 96
130 96
129 96
128 96
127 96
126 96
125 95
124 95
123 94
122 93
121 93
120 92
119 92
118 92
117 92
116 91
115 90
114 89
113 89
112 89
111 89
110 89
109 89
108 89
107 89
106 89
105 89
104 89
103 89
102 89
101 89
100 89
99 89
98 89
97 89
